              adjclose    volume  yest adjclose  pct change  target
date
2010-06-29   23.889999  18766300      23.830000    0.002518       0
2010-06-30   23.830000  17187100      21.959999    0.085155       1
2010-07-01   21.959999   8218800      19.200001    0.143750       1
2010-07-02   19.200001   5139800      16.110001    0.191806       1
2010-07-06   16.110001   6866900      15.800000    0.019620       0
2010-07-07   15.800000   6921700      17.459999   -0.095074      -1
2010-07-08   17.459999   7711400      17.400000    0.003448       0
2010-07-09   17.400000   4050600      17.049999    0.020528       1
2010-07-12   17.049999   2202500      18.139999   -0.060088      -1
2010-07-13   18.139999   2680100      19.840000   -0.085686      -1
2010-07-14   19.840000   4195200      19.889999   -0.002514       0
2010-07-15   19.889999   3739800      20.639999   -0.036337      -1
2010-07-16   20.639999   2621300      21.910000   -0.057964      -1
2010-07-19   21.910000   2486500      20.299999    0.079310       1
2010-07-20   20.299999   1825300      20.219999    0.003956       0
2010-07-21   20.219999   1252500      21.000000   -0.037143      -1
2010-07-22   21.000000    957800      21.290001   -0.013621       0
2010-07-23   21.290001    653600      20.950001    0.016229       0
2010-07-26   20.950001    922200      20.549999    0.019465       0
2010-07-27   20.549999    619700      20.719999   -0.008205       0
2010-07-28   20.719999    467200      20.350000    0.018182       0
2010-07-29   20.350000    616000      19.940001    0.020562       1
2010-07-30   19.940001    426900      20.920000   -0.046845      -1
2010-08-02   20.920000    718100      21.950001   -0.046925      -1
2010-08-03   21.950001   1230500      21.260000    0.032455       1
2010-08-04   21.260000    913000      20.450001    0.039609       1
2010-08-05   20.450001    796200      19.590000    0.043900       1
2010-08-06   19.590000    741900      19.600000   -0.000510       0
2010-08-09   19.600000    812700      19.030001    0.029953       1
2010-08-10   19.030001   1281300      17.900000    0.063129       1